1,2,3,4,target
-1.3374514213041406,-0.7518619309088979,-1.5814296146922817,-0.6023397000127167,-136.11773329820522
0.6459610221519538,-0.28564053775186593,-1.3160093285272778,0.052840358895796934,-115.93840624348888
-1.986687573303103,2.41811826614512,1.413008102291419,-1.556129873229835,105.76927267377498
-0.22871809779237476,0.39976589521572925,-0.41520243852585176,-0.6064421848070496,-28.39643363933378
0.01336093348355627,-2.468343670188903,0.49775427549279866,-1.066981898028773,39.42057437758694
-0.061669289588756,0.40841845179184116,-0.9352581379596314,-0.14664911098741892,-71.65626320758676
-0.9770117333349018,-1.8761224576161522,-1.3924623777392118,-1.3174606685938368,-113.93129897357844
0.9004364293242038,0.2567226107380234,-0.9325751734189435,0.8888827139091511,-80.33357469208131
0.00957270398662701,-2.3054066760124594,-0.4739589344374655,0.7651751990190815,-30.440265568448137
-0.5012062674991778,-0.5218012277833335,1.2987085641871443,1.1545823008213887,118.2030768374263
0.8520503454731683,-1.1732452955735633,1.425843740085604,-0.22196444399034848,134.1539021153076
2.044431714922323,-0.7872832368777137,0.07977582002586818,-1.1274099626839678,-3.673702896179236
-0.1421410126487805,-0.7802659581522549,-1.0231502861754846,-0.6350656073966588,-74.38757590402473
1.7334088297073096,-1.0379515948857159,-1.3217493338386546,0.347697340190717,-96.98678455395968
1.0301627375198281,2.4265087331498343,-1.0851272065694237,1.2063847872683655,-79.44070887258272
0.07591866630839701,-0.23085928157069321,-1.3605156582760833,-1.9301312746890789,-129.18949968104855
1.5560278884694854,-1.371895693146087,0.4770407875598128,0.6707718781278476,62.32886604847724
-1.0305672850860286,-1.5620396850419824,1.1993100507507548,-1.9953064034435963,106.66080142184467
-0.31165413470580783,-1.029729982591364,0.9438526844640436,-1.0879979572339975,87.60099583002683
0.9762129901393184,0.6133343486717976,0.45511215319269877,0.6362750936550127,34.5314131142507
1.4657830773570044,-0.2995825264617891,0.6421579525804936,-0.2687550667503889,46.55282487232881
0.8992576236253108,-0.2416893575368465,0.3871906083973348,0.6416156517293363,31.94554403210046
0.06107147484631552,0.23731399612035647,-0.9807105554418901,1.2571730248111903,-65.47392741627044
-2.1043215269767144,0.21970761980426318,-0.6977471521122092,1.0913913032335325,-74.68080019639584
0.3481307834811128,0.40642987416821663,1.9648541536978583,-0.7593711109139905,164.63627639080596
0.8222317311584363,0.3628462031984542,-1.0924360820693162,0.5853566968185274,-87.14436417367808
-0.31445508832681346,-0.4357568561948363,0.36826128469497915,1.6224219236011281,48.212208223811
-0.5044429836134081,-0.86914269343086,0.9069731908245725,1.3363819771952523,58.41420344774865
0.06787509126268171,1.3935351800865645,-0.6407687994609613,-0.602002419652809,-54.046649707741516
0.6290243958296917,-0.9864952846548481,-0.5610103340918524,0.32107704616675686,-52.599907468125664
-0.953014789693618,0.38462054181453026,0.4526848884237686,-0.777621297403755,40.91395196533932
-1.7350911066825774,-0.6539951301409587,-1.5458344825650252,-0.028058839520986024,-141.23877533954513
0.27194046709233954,0.6258873038872139,0.8937021059672913,1.7977965441648378,85.480460634648
0.06639483431983982,-0.6610546314198992,-1.818718287859295,0.45615444321291043,-167.3683187037931
-0.20448594201808382,-2.4478894904454136,-0.95074507587306,0.04288617751296073,-58.32604193517411
0.29964956761825556,-1.5409870431722845,0.33540672068585997,0.6017618316496351,15.352958745115561
0.04931470101546326,-0.07251982320558807,-1.6465336297073365,-0.2730259889331874,-121.96085348165232
0.29415014926805644,1.5685559999541858,0.23084668211763715,-2.0907150398074803,4.467522911322355
-0.7028657496233282,-0.41883838200220225,0.32710589825660613,-0.7233568940243694,42.23418597268622
-0.39742714233549137,0.8919867834304057,-0.7050900155924165,0.8712011052229528,-69.7198040963912
0.28414948989706446,-0.5002870909767472,-1.3807935368094542,-0.3565371197222887,-103.05794071030519
0.31881936600729205,-1.9876697127454948,0.8673578305728493,1.4923113829148142,64.52757871202246
-1.6298167058568165,0.9531254607478229,-1.6161230166033203,0.06455053266789046,-130.87089474300436
-3.384543643266962,-0.8556122910603057,-0.5166140602260338,-0.013655846425205214,-26.374357345157737
-0.4824495471874664,-0.1268739639801432,0.28452554860973334,0.8496521075367219,27.048938812509917
-0.1011362003889222,1.3345774064527405,0.722605123065132,-2.3028997255825607,56.57862569387924
-1.6995214075178053,-0.7745247267638884,0.012335133669991305,-0.12805335676242915,-0.2691859273627746
0.14020857315531154,1.6695116833196026,-0.23064163590025064,1.70303540882524,-28.16992619168864
-2.060179230714955,-0.2930442881449695,0.4550222730138336,-0.6187128116963482,33.250882443258924
-0.5914438948086416,0.33473268312571913,-0.018943835119006505,-0.001924591187899797,11.263851867985787
-0.2412801006110496,-0.5379827362644399,0.8403998606756141,0.6697318482260579,64.48716570455986
-1.3473815888551641,0.7908825924319408,0.960288316211817,0.5325091480833246,98.33764511732575
-0.3382426967462442,0.4297258417244998,-0.6121859202679557,-0.6921859642228041,-42.97908861892188
-0.32439383074013867,-0.5117763457953073,0.33427439046691415,-0.6595019084453506,37.632520270608595
-0.013224287000827586,0.018171366915687572,-1.3166894656044759,-0.9434870283468743,-112.16772818434231
-0.5029042988594135,0.34237017095182776,-0.5733874158674706,-0.05321609115705755,-44.35349110375269
-0.52577772111035,0.6829270282321109,-0.7126695210060733,-0.6430992017196362,-72.53558704019242
0.19955551952069617,1.098568933423808,0.12355359237305591,0.7892896861155353,11.897328282697982
-0.6201107042246542,-1.6591594321507532,-1.0273606469034156,0.7804688360809413,-103.87121520798121
0.3949617167748966,0.3986432766145941,-0.09301834709594697,0.14574164198028494,-12.909869419598422
-1.0894957181907146,2.1452951716032405,0.6466186927034238,0.32691610153332756,54.42101994488617
1.4943824208624654,-0.059008162583790484,0.07746576182437351,-0.1304684442854515,7.517645365121896
-0.25161871071338965,1.7383277686705938,-1.266914851344687,1.0261654064058605,-113.76410818854588
0.14110657356612719,-0.10708306664300682,-0.20050705626192306,-0.40573060052142634,-24.90980121640864
0.5304233240722092,0.3613989570516917,0.3580061956451438,-1.642496424478585,20.91705390541553
0.05763388676155605,-0.5123112101942175,1.0265413137564408,0.028901766379240974,88.76981974195606
0.08500480439819702,0.6309839936091589,0.12786849475484807,-0.9194475652336941,13.881549928822363
-0.9108008973787777,0.2575480351629338,0.45169397228549196,-0.31875279927267103,27.898700171638836
-0.44369124570720897,-0.4616074770443174,-0.1569891615080073,-0.049787743503638786,-15.736832041087824
-0.0018853179325212556,2.072173297020304,1.154089492030005,0.6426774514567983,101.285089183615
2.2463454417823785,-0.07065962200293682,0.06867943246923355,0.8060596731272682,0.8414444207418859
-1.1776022803189843,1.303138272501528,0.03787325461886041,0.7574972478793348,-0.5153588505759839
-0.46746457019909105,1.0233963925779477,-0.5693396910286801,0.9449505077293123,-60.9476943838553
-1.8215456964959411,0.731035628096524,-1.9452134526982146,0.5074231938045421,-164.91381909974737
-0.23575879955833287,-0.8678158984020123,-0.6474779802678821,0.4096021780326593,-50.57059865876338
-0.6061222725114277,1.3435631463188593,-0.2993399611170147,-1.0220332397969913,-32.68583158436031
-0.8855022203840357,-0.14709037245237472,0.4116033361252275,-1.8267223660349703,33.11377701799794
0.7277896648425374,-1.9941347783015018,-0.9680852243498959,0.3051135663660738,-83.79894844589695
0.2580481857795949,0.9236369783567844,0.7696238171121779,-0.03770464946906222,64.6801808994652
-0.5862965645218087,0.4585664141497619,-0.7509741981901245,1.214471875813201,-48.417157249445964
-1.3891745095856918,-0.9406763407114561,-0.2193473099313824,0.02829766178526622,-20.957047781605958
-1.4528320563796513,-0.45641070928264255,-0.509003918015762,0.0708085816388488,-61.363936827024126
2.1111746090677435,0.13461805180500894,-0.4379780246810495,0.4443207294212053,-25.737714395338536
1.624319414946617,0.8946134928883233,-1.6757711357619895,-0.33694652973809514,-133.80860250134222
-2.117989485133341,-0.48592485635988736,-0.707339403921409,0.02603637287391534,-68.85566311952121
-0.43081236921816507,-0.07100518618862509,-0.28760027015963313,0.2483847165081344,-23.437821257824893
-1.2364813573448732,-1.3714162473160298,-1.7275190593767795,-0.027258090600186885,-148.3741964612861
-0.5170327363615401,-0.39099506415313356,0.5523830118644838,-1.2070773065108238,43.099300750218084
-0.008353850507331503,-0.12002840166814858,-1.0144956780334415,1.7839020996541786,-84.61483000430067
0.08143408512169155,-0.18406431739565227,-0.2860282243101004,-0.9113720300586715,-31.747668320446966
0.34778485029625794,-1.227002488890194,0.28947479259882125,-0.7793637169096772,36.97696206493102
-1.8070543328871076,-0.5897364081267067,0.47525245422797274,0.4686081191361024,49.62157622903435
1.640892810758796,0.12113711073658082,-0.03519033809696935,-0.09231366356871352,1.5677636674333635
2.2977762371294315,-1.0624017366838217,0.8208699193441824,1.0910232019157735,68.68966875419356
1.101946558080844,0.8696267734309961,3.2290398144226304,-0.724110941754466,292.6757645416483
0.2770977359029571,-2.045015596674986,1.3763433949244206,-2.0950844161668316,123.7681593442757
0.7000388539394623,1.2255568849831822,0.08356856732486971,-1.1034999448106073,18.691226382263824
0.39014358558996637,1.2986287946969615,-1.789834598850676,1.6690075968260036,-136.34002717240537
0.23589579784809173,1.2600449086565297,0.005383744629271243,-0.24587188445391503,-6.303107401193243
-1.3834184166594954,1.6420413117935575,-1.4989296696004235,0.6403443513061284,-128.425373237535
-0.07186185166915587,-0.8566805356535615,-1.4014696345904951,0.35556524179541715,-123.2917187176586
-1.0097346017847892,0.6625945337534936,0.10117809502304782,0.2694256020619018,23.60078594622312
1.7618489419138794,0.33369222651153596,-0.7140191177734828,0.860561612378318,-67.68629382998685
-1.225826295459056,-0.03372163938181537,1.0977604427268393,-1.6126624706126835,99.19884413658414
1.2538565482798338,-1.8680184010586234,0.6276791526189416,0.8291491326096148,43.583563406433356
-0.697305345107059,1.9559956449388551,0.12039427602036307,2.349004467896788,7.592792438507455
-0.32223645331670064,0.4810927625081749,0.5436659701871062,-0.28774140637384193,54.48951146325137
1.3728052662800323,0.42237327268825026,-0.5750522906703723,1.4895384000921261,-58.458235923427466
0.15354945580133883,-0.30112405829280814,1.304088891165756,-0.7063003372398503,111.58339072429169
0.1428374207384409,0.5957524065222067,0.7224683145180966,-1.7903161963696759,59.04510494095814
0.15713780899072596,0.3334348431828203,-1.9100908931132357,0.4165866787022455,-156.46992152975122
0.9467883379668454,-0.6821468708012832,0.7859590902029009,-0.4394196715220063,80.77529489724806
0.27351373257156747,-0.06959278267165642,-1.1271386019902416,0.517182800323813,-83.87446936189711
0.8299643391350355,-0.15504970327385295,0.3059037456077679,-0.13271520846561738,27.838661568609915
0.7824798327413868,0.3013903967538208,-0.6620277006157653,-0.3790905746383126,-64.290514529499
1.2692349474333202,1.4622511885540461,-0.9130850680311418,-1.1357965402950263,-77.97041763778259
0.2716587336252047,-0.25997958901067103,0.42606088674623654,-0.01140063121014867,35.92547060673076
-0.7694272832235681,-0.6434935928862483,-0.444570828075191,-0.0705659637926232,-29.533446410767525
0.6417246843203701,0.8409147952184314,-2.1559502486693916,0.5851132356028763,-177.47152721278042
1.5101924665335165,2.5862685019786964,1.2017859461205638,-0.5403039879751799,91.42884550045761
-1.533562565324373,0.3747299334303683,0.04561278846839899,0.17081622105004265,4.564037589544288
-1.000082810496049,-2.880906139160452,0.5340465990659674,1.5010019904551535,39.88509607236347
1.4915458140807518,0.11666222108595149,0.4925856617227623,1.1527835527071857,28.842650553506513
0.37406527855173327,0.8277765502465249,-0.9558011087558449,0.3782337571606022,-76.08319893134646
0.30303108194864553,0.8091504946858391,-0.8289642713180809,-0.008135725380764293,-81.97691458547261
0.03639071135328344,-0.9395127466607125,1.2736472549412838,-0.4531985601285137,119.20225028380233
0.6879979401972042,-0.44861826658959447,0.4911666399209233,0.9722943737650481,31.37943910757198
1.1061058561201031,0.8689061376687379,-0.45889266217316577,-1.5233891319155972,-48.29513139859195
-2.122419004743352,0.6519602605054765,-0.3290490349312195,0.6224827847331649,-37.23146724534828
-0.12929314940260517,-1.2770647661206067,-0.8751541971754526,-1.3973909022531812,-81.69834292051338
0.5737136683526673,0.6963369302299667,-0.5272336670905137,0.08272398745569602,-48.9094543862175
-1.5717442939138828,-1.1953751441962672,2.1526492319671187,0.19895497205107238,180.73112146894667
1.56238869054634,0.8793442519468613,-0.793108642380907,-0.8248838739744156,-64.1277881642085
-0.7249515144628802,1.4291991315387,0.2627499765266874,-0.8685389708638029,43.88840253575757
1.010491414817446,1.253135338899331,-2.3635802231252256,-0.4056769284674897,-197.42847148817663
-0.16497098935227603,-0.20752457832979895,0.9216113994051023,-0.24443232220723732,80.55301035516287
1.809183960160579,-0.4457661496114306,-0.07244300216441855,-0.08017286793621396,2.2205568837569896
-1.1215306544020434,2.264290888746739,-1.2360413044062188,-1.7465092001505607,-96.23969361607881
-0.9672988910337209,2.017174861423614,-0.4747402579985107,-0.35259676189141487,-54.87876731782721
-0.1274788730416489,-1.1983427034559122,0.61207193275964,1.064478988613172,64.4506641693397
-2.915018186490086,-0.0845109623112225,0.37077300660115514,0.44473827109847314,26.870074802914786
1.4047656497797647,1.3773207801485188,1.595357978082539,0.5959983166148106,124.05430076381174
-0.7103290954197006,0.37849934698598703,0.44754395940714015,0.9252993099464017,28.787293085326702
-0.8600149690125861,-0.42039688433481326,0.5575835814197518,0.3838433592326428,40.654875203076024
1.0237405280727732,-0.015380118416332618,-0.22516285207618095,-1.29944700453949,-37.775944789215764
0.009472662634787151,-0.9008724212203705,-0.39020213691284544,1.2430198915617594,-27.573041648703715
0.9669532913804597,0.24981375292159635,0.49874554283411615,-1.0863786008528928,46.37326902689453
0.010822710410922877,0.8507920051829968,-0.5612385684374389,-0.151032591585108,-43.11662085381048
-1.5345169304041077,-0.33061490190372494,0.7109712171250483,-0.6991803731520535,70.82461765853584
-1.4762691191397184,-0.8139335298009629,-1.3851535749894297,0.30400484165559166,-124.88434661382189
-1.614963051219577,0.5710966372908024,-0.5292762833579903,-0.5636317926311478,-31.008972481973885
-0.7629144642209689,0.2185170949563802,-0.4932627392557821,-1.6905217660469258,-53.27188917607472
-0.16884527017207673,0.16671576291784782,0.5673286629034369,0.5757702704541919,52.31502205434783
1.0135599336348666,-1.483674873874754,-0.825860000037223,-0.938562901370121,-60.47348709915311
-0.7419788784605065,0.3705715758920229,-1.0716048144018977,0.4777310003700709,-82.79818598243767
0.38410082033550574,-0.7464367904021572,-0.7630372899573519,1.0522737288202868,-69.74951434082972
-0.5965963043583095,-1.0616811062604194,-0.7726209002039229,-0.4010456056371279,-52.61258708026097
-2.0792210380825478,-0.06871181061303304,0.4239466230918703,-0.06881487546166958,37.272564568302606
1.281539259230195,0.5776829687759577,-1.300418366682897,0.5161532041847801,-113.81092378852448
-1.2451912047731006,0.2968777761587522,0.13278396806946946,-1.9659764731585068,7.070477042994267
-0.8420702219652331,0.6458096384852322,0.1855423768953268,-0.9616221746245631,3.151571530314701
-0.6859347130132444,1.142199791334465,-1.5128363990198221,-0.34780199140592516,-131.86222576175018
1.119136570570299,0.28918504065837086,-0.6912004743014967,-0.5236016062828549,-62.83739860479953
-0.06650785331631806,0.2346478102443301,0.08062554007495847,-0.5292472101331487,5.485416941424345
-2.0147692673861726,-0.20552192931234317,-1.2376242056432307,-1.0424569469793303,-91.96676922836015
0.8727619933489934,-0.8612218194280293,0.4026010702932687,0.9484146593192712,38.626343026248335
0.7780464265185971,1.597155026460905,0.12203452318648808,1.5920721531167994,21.112576968513103
0.0088068009440215,-0.526275507173269,0.04721912735567683,0.6103769052925425,9.198448349236699
-1.1171004409961474,1.248245747271018,-0.21446865233233614,1.408326771373979,-29.531690870577975
0.6422221214645664,0.6009618099590547,2.478614447435278,0.6519851738193496,190.07814281769444
-0.41207146877343004,-1.6800610783152967,0.1305185812307369,-2.387328149159109,25.09259626098594
-0.3103349112048279,-1.1305518742208946,1.3780647069698726,-0.34661001559573035,109.653292766673
-1.325469760083202,1.2532019071913019,-0.8052106685887818,0.7589660892329453,-74.33191094896597
0.5657912398655908,-0.7284209586267735,-1.3357224958979803,-0.8401792021049556,-99.79430448018755
0.25941087431600973,-2.0071317589430926,0.8888941768208518,-0.5464608442768613,83.47670964831997
0.537399190084376,-0.949293842194174,-0.37696502231386547,0.13660062612635263,-32.10686522265166
0.7048039313642456,0.10481879203674162,0.17871559563026543,-0.5993613504795682,9.840968711427475
-0.03096442096269944,1.6797006819876734,0.8899291052106624,0.8160150077652053,69.05385248781424
-0.5033620518771895,-0.753688869499845,-1.104320554857073,-1.3128460480848025,-99.07744037299724
1.4442317458773626,0.37781387090129276,0.5366803483076202,-0.003784860870186554,40.70153931870781
-1.415619759390662,-1.921981539269511,0.23596685281546886,-0.3827014913919762,24.49375348929919
0.1964566737865648,-0.23669449648867685,-0.5581667650162129,-0.3686543885367378,-46.29559448234327
-0.2194542510247744,-0.013260309369520955,0.9096018828886804,-0.4735031006405495,66.77637663220862
1.6324274690095744,0.7348150163747935,-0.22420692965308722,-1.1996973670583675,-28.48453814828793
-0.9835014735544929,-0.6376482903269305,0.48014239932242453,0.007978323096334436,41.559623071746316
-0.27448211166740116,-2.0745743833066332,-1.8785633895518772,-1.1804865199973025,-157.00432476243827
0.20180607603820433,0.048581757827393816,-0.4809055061132482,-0.7981249390833561,-28.670414870415623
-0.27264679004542813,-0.9342642354001138,2.444175391915318,0.6117737889919064,206.4938293906272
-0.08829142299725559,0.16039933976872142,1.0112718224636332,-0.22412253206944502,90.0229837916174
1.7722262921336083,0.7664950069664201,-1.0882840559139901,-0.5395019317535874,-90.9819403348478
0.180256954412765,-0.235980439948389,-0.21503519261390866,-1.0095096735968445,-16.94146629370555
-0.23004647116561425,-0.1555550411829205,1.7088470127568978,0.9260571729323441,140.60951283270106
-0.7751534219796391,1.469202355329951,-0.800859360050705,0.026079517123343453,-76.42044247927086
-0.06554425118452765,-1.3168838491675452,-0.9816589658679864,-0.04361089694002396,-83.54243809687961
0.1652657707905445,-2.3501461668851804,-0.7141398926484837,1.2188512927009563,-68.48752512185449
0.4394931866805487,0.811793291962103,2.5828825226080987,0.31232161686510385,232.04713221193163
-2.175529686052993,0.6894609172831454,0.596755231367875,-0.3498513637937142,53.591753190300324
-2.986968106337016,-1.0346686636412794,-1.0517665600437824,0.4998933331671027,-96.37582948677588
-0.3156416085052558,0.40613642195298144,-1.683106084966505,1.6243151206632296,-152.8129696889873
1.254064656947935,-0.4996420326364637,-0.38262436374314956,0.9297177601635411,-34.81872233623659
1.5680778246070488,1.1065280008939458,-0.15651648330611836,0.7022296120504717,-15.581876671292914
-0.042812576815738954,-0.7844773561765312,-0.7426990345616068,-0.2968622600208235,-75.89417079221008
1.108515656458877,-0.2606460975377339,1.1014442078674551,-1.2483021670995496,89.13441498150956
-1.1724984346197653,-1.5278770277663751,0.3893932339032982,-0.6356879702923136,41.78925595651198
0.4435753033373548,0.11517121198775836,0.09563718150071483,1.2388696908085992,11.806463492235453
0.7527684324028091,-0.10426641860311854,0.19035255771357903,0.5756302467991189,34.76595006449341
0.252513470399135,0.09896261744156354,0.1505170988627894,-0.3640338913687012,12.576684462271324
-0.6478039193108054,0.048785270769429796,0.4922766408911755,-0.20249881637519046,43.003514552613055
-0.40292126441131537,-1.796376570111246,0.18497632470434558,0.2252432480880764,13.27363827218429
1.407696347850024,-0.43639469870677794,0.757125886399993,-0.45096514349935424,62.91368792075202
-0.6310074491608194,0.9993644369916568,-0.7546527233529544,-0.5715524697786227,-51.53240764340411
0.3566134815235476,-0.02350089800725071,-1.0865027991634464,1.30021062702732,-88.00079590476618
-1.4606520521285673,-1.0356664298685974,-0.3445567403279533,0.04376722804018783,-18.203704010798013
0.267475200185148,-0.4606874280173084,-1.0768471955374108,-0.6606071846123315,-101.32889380015266
0.7357272518582059,-0.1985917223222691,0.9378352440465468,-1.0853758435064975,78.6372423099852
0.8947546959859343,0.14785397431643188,0.46363145016766494,1.4150043170258935,50.94662197305746
0.4013286840398291,0.5270655358970829,0.38311370393586336,0.6743369535547128,25.608609869155394
0.29449520148718455,0.7185855232687639,0.2750988199208958,0.7658241706149519,26.554648537645093
-0.7773603101176318,0.7331745874143392,-0.7657840151541042,0.04998340296472785,-64.63278810888484
-1.3397402714927988,0.7896875852967293,1.088062010102366,0.1476131206182071,104.79944934953323
-0.3200527280114358,0.6170568819687584,-0.1493230885610727,-1.2284086049890728,-18.306316400177934
0.9462246802612259,-0.8674102758967696,0.21894651438162066,0.34920573818795925,21.66448896102243
0.050041200919984465,-0.4171430725937505,-1.0250104563625595,1.7734690107958264,-77.49820375456508
0.06339834462127909,1.4512976055490097,-0.8151946630919883,0.7730523379429272,-58.52344062698538
1.396331599344007,-0.8823822795563703,-0.1060525044305841,0.8071589280952524,-9.1429766705366
-0.9343717664723259,-1.8645200442065926,-0.9484897773045511,1.148644527286996,-74.69653136597141
1.1531000632955042,-0.7578500799653105,1.6597550650304418,-0.8866203037608308,162.14346001383976
1.1667457372090695,-0.5888790047411433,-1.1662023459341768,-2.0259266727045664,-112.17715991814131
1.0128316323103803,1.1534857937188683,-0.10987989675335856,-0.30472469893949183,-17.281163579150306
-0.08596882216148209,0.373931656891235,-0.42993343026658176,0.8067567440525564,-40.05305035785237
-2.358008904579796,1.5130575843672192,0.4090559298533351,-1.9195013395819096,34.76773825000255
0.9675277759180874,-0.2592453938389014,-1.286590069463949,-1.4340811836450835,-112.56699639986326
-0.035604577033785605,-0.8678273887936742,2.1364218439253624,0.5018756633441135,175.49028003643662
0.8966167843491621,-1.1394781988351763,0.3750998953388212,-0.5270061264574282,32.532905537846304
-0.30551586172735673,-1.627364592086615,-0.8964838652328385,0.8644697450166255,-89.9756671606336
-0.6144428801730125,-0.7113491251439995,1.1138409607934165,-0.09129642745802273,97.4061760307243
-0.3775977708979995,1.2454831675927485,-1.451584676248624,-0.9755849939470176,-123.79371099813265
-0.5888268654110221,0.7559168000287028,-0.790436382885237,0.7347701802257879,-59.2155172663641
1.4020906851946047,-1.2529143096661635,-0.7109340104444822,-2.8776118818311067,-57.124884958526245
-2.0294363390482166,-0.27442579776241427,-0.844517535316022,0.7285523117109742,-81.45266269998466
0.252891544625083,0.07182148600687306,1.2801582854675904,0.1460958824520317,101.4856048345857
-0.6849194796602401,1.9691659874285055,-0.1973228189675261,-1.2396809673169455,-29.293795654880718
-1.3544430563918275,0.09711962714987192,-0.8422176471909173,-0.29844065893174504,-80.07069961406188
-0.3809963833793041,-1.643582832237115,1.2462346441273635,-0.36827829059359435,101.0474545284613
-1.7442340108891354,-0.7045610836661593,0.2673177107270433,-0.47754461306270535,19.207583369848155
1.8689736232183234,0.34636030358850645,-0.34606320522800826,0.5916957086529445,-20.111921284982117
0.45244322215419264,-1.582463599235151,0.2256915359386557,-0.01105269846869003,12.691708196581427
0.9615032171879669,-0.015018151888574251,-0.7433972253835519,0.9208801610690022,-48.539861124083856
0.2694137263419036,0.12772571277971584,1.0572950669642505,-0.6001325358758446,88.32874488117423
0.6959645362057867,-0.31294030980150744,0.5205418322841739,0.6314780045972277,30.812239588149623
0.35501278514597684,-0.6764775318987969,0.7366461462024616,-0.09489396132133919,69.45887548559834
0.166086107594853,-0.742770408808509,-0.056937912438902116,1.0053990740841126,5.010204099198741
0.15831493302222005,-0.43748291260771865,1.5476785450760007,-0.4103898681908958,139.35116921290765
-0.40564439302615485,-1.4156910904579947,0.2547491365452544,-1.3716204591346441,17.47755497573806
-1.5553964159112137,-1.7365425172449214,0.33576917450024696,2.212003562093072,23.423235894366993
0.47404147559638987,-0.018881081854399278,0.5512778506987415,0.9754347785997292,33.45351799449806
1.9407344546250798,-0.36131579218054033,-1.3872993013392516,0.324256378486776,-111.31414885222158
-1.756971508194298,2.023207506834367,-0.9236676002693577,0.23883088601888977,-70.6849722286415
-0.5547571503986959,-0.9465287392826549,-0.27743608500460637,-0.46575981409239614,-13.76846941449769
-1.2199209087397636,-0.19784255477327395,0.7705850316764548,2.2951872749432423,65.81030740067851
-0.8558552532930744,-1.3425051460474233,-0.18486111366013022,0.44283179354641705,-3.3202639068584983
-0.0942300391927198,0.4339873304631361,1.091641467088906,1.8731850516844086,91.7182515423303
0.6743451671080859,0.7225096869068112,-0.22574740716882133,-0.9571809622131584,-20.412893220244086
0.07427347264356912,-1.334563179437297,-0.12916295043242218,-1.5488246154165222,-17.56851614796027
-0.023399572867609263,0.7241605667931333,-0.22165237404290414,-1.102154163955269,-14.876264519138847
0.7665519046237298,0.21095098780438745,-0.3813150325333176,0.29494080183330995,-25.235369737072254
2.2432727408275577,-0.48132207595256243,-1.689241546225442,-0.6172740109615158,-140.70068391495377
0.6982199194812164,0.23848951064572244,-1.8899872833733293,1.5099740493810807,-148.8059738819837
2.4088902661483305,0.47109451463582946,2.0414867196337854,1.1380040147795447,177.26618450971452
-0.2094537991897428,0.1858748253612525,0.8984189770987016,-2.0099925037791095,71.19441440554726
0.709429454952199,-1.8915247403541362,1.8448061851597162,0.28566135631472,179.4647424202556
-2.8120952447528778,-0.8147249405758561,-1.5290119617429985,-0.9435222671988402,-119.09549122086838
-0.15802033303311994,1.4300040990714604,-0.28226520608884403,0.17801536540157128,-18.271701728137625
0.48675838121189297,-0.09170254946271211,1.045617046113638,0.5671542081479033,82.42956190783671
1.0982870353422922,-1.0075788881271928,-0.17357383136196738,-0.09520094945541749,-19.045161529800673
-0.31028553170189155,0.8817341418657406,0.5016277700777255,0.062252460301755755,58.01093588945819
-0.4957992381349425,1.4550003469989978,1.8888926648913043,0.29479715306991155,176.80839728196767
-0.7739303620587443,1.3749555317613888,2.551666474781804,-1.570752577938596,222.92289842004993
-0.1198076971542414,-1.7203246707599438,2.37796019057783,0.10248977456700598,210.74640735106334
0.4401359013404519,0.2979230526696597,0.21263968376276215,1.1091996850184558,13.806487470959102
1.213985228489273,-0.13936327761626102,0.0888663926227474,0.44756783253295235,6.75935785512777
0.19393839051178668,0.6266208340333324,0.05893735048960942,-1.5856664818763815,10.135444704714011
-0.24132480476835455,0.4755493191314103,-0.6093958717041174,0.45600592693987024,-54.79685029929407
0.8818389376048801,-1.468791364167844,-0.3042150964951989,-0.07997508388378016,-10.805268940873626
0.9740166487754016,-0.11808982515328782,1.1587515073609522,0.2930367101084953,108.02897654398777
1.2176111917046961,-0.48951374328663627,0.9141370101636741,-0.731824644697398,87.08981010540121
-0.5145671314022915,-1.786006532613236,-1.236517740584258,-0.5781186483339301,-106.92324355876829
-1.7074638136425255,0.29196774722529556,0.25576722859131257,0.8721490489232343,8.03694071130129
-0.03749892094346423,0.806935605797544,0.5198248747881805,-0.09179358634022627,52.11648820601915
-0.5964095810853242,1.44820407391447,-0.034239985787991055,-0.6823462911687025,-10.083058695511744
-1.1945119756273885,-0.008147083687146409,0.22597406422223593,-0.5884441805534748,23.711498340692238
0.6780646596329373,0.20457877617447257,-0.3576020787444959,1.6140224601582582,-31.117054921669688
1.4110402058418854,0.7821747684132866,1.1046726905802189,-1.1164215579933294,98.03377552981605
1.7657235213286506,0.9712773825323383,-0.821117239091428,-1.7982325715414769,-78.7587615356166
-1.3255209247425148,0.07117249138547706,0.2135423555797757,0.2362468753046309,18.740516720907397
-0.10124721564888493,1.1751551683263295,-0.1358899118723773,1.1600136558142817,-3.2652708553028997
-0.8551937190827779,0.3891081891198089,-0.7854076117168212,0.9872497934240874,-58.21981778066339
-0.6425394804856145,-0.23424316081843566,0.5388978224489805,2.1083026955318815,52.90108957578865
1.086848229651416,-2.1690192211873494,0.18113427306387694,0.03809166069616857,23.82648611944496
1.5300646066871566,-0.5785454631045284,0.5633303353632279,-0.34314828343626613,55.52516936174058
-1.4438620502998472,-0.27010601191404776,1.6125133118351191,-1.0096330441532493,152.68390643219337
-1.6211064969524462,-0.28777919042893446,2.1017606572949252,1.2255720839467648,182.35363666977412
-1.6615489791153784,-1.1263865069695882,2.458580394236978,0.26117448778073543,185.51153154519233
-0.08794593777891081,0.31636082951872524,-0.5654540483398978,0.32467785242718245,-49.71517095049878
1.1526534878236636,0.9790915904157411,0.8154277117108915,-0.4741476560111758,77.38302933692293
1.8211486216477761,0.44459023768910766,-0.5599610185752965,-0.4940781868523326,-23.878177225712516
1.026148446427865,1.1715445445668302,-1.2094779156410587,0.5111118177127277,-93.19875409035959
-0.5396613827894851,0.5400382794385687,-0.7504383803452178,1.0466574638435737,-61.52573063911525
-1.4946411983453196,-1.922103975702021,-0.41488546398319104,-0.6255175412882706,-37.358458907806146
-1.1221795692360759,1.6584804464069745,-0.5018436778998036,0.028128207325377602,-39.94991876498524
0.9431532014771747,-0.756859294718062,-0.36079141015063,-0.18475687076884767,-31.11034484559714
0.8476741694524375,0.9058944628283898,0.7717801915382728,-0.1942309564766372,79.29526891353754
-1.1715570571808274,-0.44112154526964426,1.8133029738862456,-0.14784641519341615,159.67918682357495
0.3195249512553273,0.6750116499190351,-0.5336150441902627,0.7925311970510606,-35.25846237964062
0.9898027649920543,0.06183504416843176,0.38299578606976653,0.8483417075113432,28.930300026162982
0.43626581692514604,3.0355435585168014,-1.0953026118958422,0.46640724046583254,-101.24181942977475
-0.2141751656260613,-0.1706454438728145,-0.23888163280470046,1.0974253877710283,-26.2891863525945
-0.3913390262372133,-0.19750898418870674,0.36563931774433506,-0.44848190851516095,34.8158048472831
1.4543298765094055,0.23266634931293287,0.21033129131592346,-0.05109741606058983,9.503372454835212
-1.7477208143118195,1.0027754293779603,-0.5625830438768152,-3.0426718099665764,-52.55876751797979
-0.9374064123973108,1.5833533018015027,0.5555113545623944,0.29365134528737824,52.58020764584883
-0.9044031098837078,0.6320197571935802,1.0971424920419983,0.19534250464096528,110.73975771500427
0.7941476122153442,-1.5331127637835666,1.1853375055012914,-0.33972486344929403,97.10114062692483
-1.2422374440871997,-0.680942051245991,-0.3601118016080379,1.0924951394289764,-39.35532466514125
-0.829378219192527,-0.3054489540302817,0.5929237383563041,-0.45354370067183797,54.723391761069074
1.75980820546401,1.2684902033178302,-0.635877918574961,0.931230338764465,-44.48732838368421
-0.22860604538101972,-1.3420031726603037,-0.9672477879061976,0.7326025996062381,-72.2686652179862
-1.3505480344494685,0.9215719386768966,1.1082527601322283,-0.9135975099211535,103.15491225258319
1.172027933346445,-0.8171057792035156,-0.1224579094210937,-1.3634521969024858,-10.774648356566052
0.6524632705686104,0.11183944651739679,-0.3777704694828026,-1.1824180913216646,-18.382492288525974
0.2952719155224808,1.7487417389171187,-1.4498894471259478,0.7367894167468165,-129.5695387842768
2.627325864859126,-1.608455321605566,-0.28627702926208465,0.5121473912812624,-42.16138912083157
-0.03877476203269807,-0.3672549971880191,0.2981743753996443,-0.40660388117113605,14.217199828606212
-0.23762337861555602,-0.47344444571685435,-0.9082448652564001,-0.6623181082068662,-79.00647894462368
-0.9976791929039125,-1.4705582784051416,0.5979428909074177,-1.8986664500881778,46.02399674599991
-0.08522654931322833,-0.6013565222995739,1.4516663793467337,-0.6531089388138105,123.0153615299814
1.121513480583882,-0.2140823609075118,0.26162261179686097,-0.9217982489087752,28.926260185801013
-0.6096573203761695,1.7777809499695152,1.1288861931487677,1.5686075490195903,86.43211865586747
-0.34690791919817204,-1.2894243589217045,0.9195893040285646,1.0698820032965235,73.91880541871843
0.02417561625925118,0.8434778918635417,0.4177713592232546,0.6880820155542332,44.50541190636777
0.20236462359620214,0.06997764106176402,-0.6014543957770622,-1.052940478318571,-45.923973116700935
0.48581388108253565,-0.618926648437179,-2.0252313846504966,2.027896108657685,-171.00524111840508
0.4337638643865497,0.31427717201972777,0.5180470107014944,-1.3539734112948207,46.48189637402698
-2.365813170686451,0.7175557275702236,-0.27594670721961045,-0.46555952810770307,-31.516250613857096
1.4742698721844825,-0.7165086781541836,0.9891130309375852,0.7092961812889034,94.71592533048684
0.253251723010823,-1.6606336427406263,1.8953714849848855,0.9562039388446013,157.78323065935848
-0.9637860239279339,0.4157785095850014,0.500894673506297,-1.5925261962169392,68.55309516700385
-0.5220370316693657,1.0067127779084488,1.048625478995781,0.7571540591980811,83.33506172547973
-0.7502125570362776,0.5159771004471054,1.2875998155420916,2.717057961651628,122.02741775601831
-0.7925441370048347,1.2542487790678614,1.2188905989076642,-1.4884124738497428,98.82445481628363
-0.38143269496930066,-1.2736587104363268,0.7702076826968257,-0.33720194603606246,79.90381386572169
-0.720551960945289,1.2928216282689275,-0.3045405476705367,1.2001149364574029,-28.257328737255317
0.9619949163665605,1.0871599985280282,-0.34358349906017216,0.5497391360208234,-36.958098647443705
0.4688011051784784,-0.9036103912330931,-1.5614829377620731,1.5826735645800705,-143.19348780655088
-0.13314373903451418,-1.1950872648353732,-2.021872486092871,1.4886206457920015,-175.87403997697317
-1.1712355953498834,-0.10213560429379882,0.458020586614233,1.060141884846271,55.07069562945064
1.3965081209790857,0.3880840774150424,0.2278188142263353,0.050306156285825424,29.768232563792647
0.34196807949780067,-0.8911143000681528,-0.5284781318708293,-1.1062687749842612,-55.988336636603755
1.683825190468086,-2.0373866884789362,1.0680520986606241,0.6394172583428579,75.80107106321705
0.7100635932902223,-0.3196130154777059,-0.4529540625026313,-0.14585856736944428,-31.499951285294188
-0.14563718711075993,0.6027140574906305,-1.6069146350090273,0.34059534516204776,-151.74460250599682
-1.6673917909349438,0.6147707867291716,1.0900810458809855,-0.26553170647466773,89.26100329849116
1.3201940558625074,-0.25295984963626655,0.1778958577658633,-0.47473716602996513,24.68372536616815
-0.2882701567226967,1.1389554259825234,-0.02453420044977982,0.8411669320913806,6.213152521611963
-1.3703769930411378,0.5442908065748244,-0.7680728390712536,-2.259204969726401,-52.804959987779206
-0.4718450715562627,1.9001274956097916,-0.23562276538257593,-0.3307587641468523,4.2893786362754405
0.7980187735786611,-1.0452116955550237,0.15196237704333193,-1.2122377289356632,4.620358375897421
0.558222316859395,1.1597862225627638,-0.999568110238091,1.6831804530102032,-80.85846296203218
-0.30584540508729957,0.5486235232726976,0.19359600905304356,-0.22876014079405957,1.6073420192206171
-0.6098207498136109,0.9178538413928493,-1.9419484182770361,-0.5063433136620177,-160.47018530613076
-0.13309613058900152,-0.37279549595246436,0.8891382409770419,-0.4025511486791221,80.55287719851138
-1.8483472700447667,1.0066550281642006,-0.8907807068141071,-0.300812530127877,-74.35637192132963
0.01587687825373143,0.4463227620304419,0.7519106145299425,0.07379810733171005,47.31133989598464
0.6349261795873463,-0.4810223101233943,0.13594711727370962,-0.11437549953025487,17.253720374557304
-0.7056417196424983,-1.2214464292356193,1.534732761791414,0.0007690912737096724,133.59354253166322
1.5891473151758877,0.45627889442450725,0.9911445387997576,0.48129215846112516,67.06029135841472
-0.404559413284229,0.9035833511988456,0.11695001755432456,1.8405339788632415,24.271788016120162
0.7409621689945415,0.7596879531237991,-0.2649031185888168,-1.5252276777780827,-14.388157721717599
0.3135885322635798,0.2655289566847251,0.11416745166400752,1.4854811053298893,21.385337336300992
0.2271425874422984,0.006993144355600504,0.06516113363675718,1.7037876682742943,2.1226371509725634
-0.2755418211661456,-0.7029831600607122,-0.5131926231962898,0.7729821004906579,-43.235266905835395
-1.1580449565344257,0.3137035596917817,-0.19531105601846785,-0.01828575755506942,-6.802442594070074
-0.5358515864644197,0.48236952870271615,1.3219568233111356,2.157269797529028,112.41968622120228
0.797475506929301,0.8143325843923706,0.5988884815985981,-0.9466256396030699,39.59489732536339
0.40687603076546824,-0.7169824619714262,0.026426415172258078,1.1910079825390734,-23.441801599275035
-0.30889677503367957,-0.2369722783572552,-0.12360120096205972,-1.4718327342164153,-5.032247845448996
-0.6518259727864165,0.27580495947903233,0.5548391995870445,-0.475802959447287,60.68805418529652
-0.19840287086949157,-0.6708281643324394,0.3843576198364554,0.9869694446723669,27.54126219724082
-0.5587939988129516,-0.48080144056252866,0.45112363038889614,-0.43436510323301625,39.341616899858096
-1.404840012172643,0.7485461902882006,-1.2202288404170754,0.12768031771833177,-113.28933739544755
0.32723544103014374,-0.3228195801129881,-0.1264914542026567,-1.3105727162913456,-19.67009891078126
-0.1405201124331185,-2.0301725682093865,-0.7086751626438479,0.2634634210223461,-67.64793665898522
-1.4064360707115016,-1.94452678597469,-0.03375872077220009,-0.010532123169550685,-4.082103995416287
0.33404536161307213,-0.5017520456831248,0.07347259235050842,-0.33303791045343095,6.703234874314956
0.37414028311610426,0.21991219597427808,-2.8596670563398097,0.6076746467488513,-258.69550341994284
1.1658715938710242,-0.34454093868612823,-1.5972594697112126,-0.5527335149352172,-142.9316320298053
1.0763518462723998,2.005772544356805,2.252329618638272,-0.5357708730421401,194.8262302260497
0.6325562893765865,0.12193167234497315,1.2253133613797067,-0.07730518806565398,108.64275114349856
-1.3079066069982888,0.572441313749762,-2.4390251756729233,0.7925800445332796,-185.42100905523483
1.1291551298597422,1.866684726478882,-0.1784791365336577,-0.3196565093514536,-29.645306881918067
0.0579367363294375,-0.2778899316983271,0.4516068028856138,0.7062120063896843,33.811618189598875
-0.17764360271245613,0.6543838837364994,2.509175270021971,-1.316410735728621,226.12798529842735
-0.4470978161782819,-0.13598448025304963,0.8731822859821576,-1.1088244623741181,72.10588427002232
-0.5881902814742411,-2.0262704880692297,0.8438479860979244,1.999266570192722,67.5700111366768
-1.1697715625976308,0.8097541629979633,-0.3287436740870343,1.6216736310084934,-41.94880973916985
0.38632466456902165,-0.6797313870159738,0.5184619594117734,1.2061446701119967,42.911901081906755
1.2701884222055924,1.9353811093419346,0.61506005972136,0.18221641297313462,64.75876333394267
-1.005718150717137,-1.0098031404182983,2.1019591140694915,0.915907732608971,192.37930153804007
-0.7175443302038614,-0.6017233083048306,0.7569345351284088,1.1049952502889702,57.18515432635625
-0.010380978001276934,1.2876913315968077,1.5771877961475316,0.9298997693366481,125.51407182295198
-0.9393371308940796,0.15231824307740022,1.2590290071933123,0.5275453265007741,112.8014021399242
-0.16152624495456483,1.863929552472194,0.9062919847662194,-2.0429723502219788,57.136537604946085
-0.17373888102443258,0.8160955385266097,0.08189275171483996,0.9165228878128218,0.4378440299878825
-0.16039101167378456,0.17261064661338157,0.5342386108985454,-1.7519898801460372,25.10763891546349
-1.0695501912067893,0.6082815443486893,1.096713828074516,-1.5892204681766238,96.95629153259844
-0.3127824940096545,0.24986535287104136,0.7417536405667599,0.8676421202026908,66.42890356036091
0.5306908962114308,0.832718405925894,-0.8153965518366048,-0.7295977620375432,-87.65548045538287
-0.5789643874712145,1.3870777649465718,0.2992117445987958,-0.1483062609447811,10.259693284506254
-0.04756693918491466,2.092359373101,-1.7196861136665955,0.17127643276652224,-133.53333425375345
-0.5034066875995179,0.18307631513120912,0.9189731072840248,1.210305387314741,59.05362481644954
0.083674143387526,0.11596682970534357,0.3448455506158032,-0.750102882329493,21.990466253351673
0.5414285409480133,1.3118571014031093,-1.035775883323946,0.09074015596732064,-104.09271048749417
2.9697002770604577,1.1580391490792807,-0.8600019443267323,1.0441930469308016,-58.83508649898974
1.0243724388498916,-0.35074164789568596,0.23573910971441542,0.07645822153777303,17.72697837467013
-0.9897209098017272,-0.8753115803575605,-0.5280291450617961,0.05955513189159802,-31.771293561983995
-0.6318973694520801,0.7508236809012321,1.5361600765645458,1.1370354267544553,116.26481062226672
-0.23528495297356408,0.01920350934853621,-1.1926985194228976,0.08860856446450242,-102.90579722208791
-0.7152453934317283,-1.269718394069463,0.26416321498663653,0.8897183108730173,41.677472886457196
0.8347692830101422,-0.29527488269929775,1.796530958522027,1.9673919609207902,160.72045475556303
-0.02082756052980239,0.0587738743992869,-0.5260060124020263,0.7053988430338186,-36.40673845908431
-0.2680213749592456,-0.6799598480931729,0.9320011609167619,-0.02782866377042501,88.37631737389927
-0.99497398355462,0.3385701324413245,0.05181375146414622,-0.5609379602659678,10.322570635798783
1.7458415472687931,0.6557468665594872,-1.7276355504261205,-1.8587008856853366,-133.25433504237932
-0.21262803778156605,0.4430133119390221,0.06288298182247155,-0.07142907911828142,22.41685138733118
1.5325385292736997,0.13076525019794447,0.599359629240862,0.8122787289236792,56.84658763411997
1.5586705574356992,-0.6931706302226732,0.49378484684043095,-0.6856167854842389,65.3041330131003
-0.11891288302457764,-0.9245953713049679,-1.6199954719641978,-0.199643444810212,-143.58623961181615
0.687068033352651,-0.46094222349711356,-0.34951805497252986,-0.27098135913863775,-11.486631248373328
1.4180060519023647,0.5827953237791319,-0.014602207436991806,1.3741309841502645,-15.242242371852788
-0.4683033686825807,0.5822129830568871,-0.842533199067982,0.5736142246879856,-65.86952963046717
-1.6910066282878862,-0.04785260781645965,-0.3394456561827259,0.9058480468671042,-28.354100585075976
-0.5996479053538891,-0.7580049625411889,0.2721193965042209,0.47989512225940706,12.39001925785926
-0.7839363353857456,-0.303503959997195,1.383767067988992,-0.35039110129102113,121.18227313645417
0.2471043509706302,-0.26955861693025074,-1.1311035751846423,-0.5366090866762472,-100.11143992421057
0.8577166438666525,0.23387394210555776,0.41180334540565133,-2.197405639926819,21.648765489954936
1.8231747974577421,-1.1483608411900037,-0.0050678551563661176,-0.49519195786890685,0.3033502675201401
1.0270918577772394,0.18913419221726555,-1.0249257484006526,0.29320157280050785,-86.8598793346704
1.0451837133759199,-0.08122486450261966,-1.6555768973504814,-1.0193951014315163,-152.98922825621418
0.1467481552476777,-0.09242907960952781,-0.3283087049906947,-0.3647815177148986,-26.86683823449595
-0.2412710189416975,0.28794858217075425,-0.12656723203140358,1.4788813620972328,-12.117315348950985
0.06315177807477788,-1.501380881769718,0.4532162087997774,0.8375571715997331,42.824603304346866
-0.8425805997590964,2.110469914768096,0.9827339618160821,0.24841696860686382,77.70042340496809
0.017903186499402507,0.3786353381811164,-0.8991893215633464,1.6407993409581418,-79.2279948232409
0.060825167911352826,-0.7257709912949314,1.3970311926593775,1.5438126744380969,126.1401954036491
0.5205739389838184,0.7542154842142421,-1.556480552688652,0.34268508920619356,-127.11444498464569
-1.4696828735204643,-1.661372652582269,0.12752760404849162,-0.6517716381305251,26.671710055800908
0.2869621256769943,-1.1537742972874963,-1.70635568754853,-0.6294603448377502,-146.83310856016004
1.1848839565489233,0.20343433155539953,1.2479122340262339,-1.4448397046926604,98.1817765060124
-0.7549150788879251,1.0341903643285661,0.40058531543427317,1.1898267953762214,33.836139984897244
-0.20422034855204985,2.4124957740894826,-1.224225776988207,0.8117799025733808,-99.67775727294776
1.4158245568087595,-0.09199679203622933,-0.3060257745979761,-0.11606894340178792,-29.526858475070103
0.5648521214192331,-0.07944508937256418,-1.1723855930595555,0.07636308367395939,-96.36459895826493
-0.005875718377910267,0.37656101110295453,0.5581247352219222,0.2588349033043002,45.16901844380359
-0.05073544111209121,0.004992985657360407,-0.0663263067288235,-1.6317975684661845,-14.934320476910461
0.05985611268098043,-0.18286795286924457,1.1314161904103193,1.1820186913606658,82.85342767578534
-1.142717980715091,-0.6480528518529961,1.7173349343629254,-1.2257774152666496,161.59123620333978
-1.038127067217582,-1.2261160064068528,-0.31506710132970583,-0.5056627346359213,-41.09533334524739
0.20317242862629636,-0.738623171862905,-2.6577473014467468,1.0579030212181078,-241.77567545215302
0.8633836904591022,0.9386313596552045,0.5688466380217185,1.6938047203193678,62.89524969448304
0.4134380107484933,2.40811753884401,-0.13380124270257115,-0.5687323244421884,-3.6726406757239385
0.6121133905454473,0.6267678270811439,-1.8132729042384836,-0.05273192397683801,-156.58229680765163
0.7089195378978268,-2.2906931110401265,0.9709146644301935,3.3735685134672724,70.89427115717243
0.5306557358930576,-0.8375051400133504,-0.17584284238742304,-1.9048398989959756,-21.184957913818465
-0.5313963533625558,1.9134782383427247,0.06588153411085276,0.604674698614796,10.11527954143844
-0.564932736752943,-0.8348800793972211,1.484266310583534,-0.8259973170091709,127.41712954352008
-0.417241123203661,0.3563854926619083,-0.3003951259379713,-0.9145797615136174,-42.27612169483601
0.17245203954656674,-0.0977844428639157,-2.3390002197683457,0.6366721336512496,-215.61902382399924
0.3485687109620621,0.9540205953701941,0.09670388699874419,-0.37778528135663697,16.286274622981303
0.04948510497935058,-1.0533428339171473,0.3493690794203144,-2.048983591238287,37.241269988302854
0.41074111941264113,1.324593349239568,-0.3563343938257887,0.21205868506573622,-22.499401875671676
-0.8869671578892592,2.1667853271888893,1.2445789869323016,-0.1508820188410766,80.7415690754325
0.10610824707803744,-0.4148338523843429,0.341319022300529,-1.3043016116816224,37.85488644640448
-3.0380324961737144,-1.191883067919188,0.5541002433839957,0.4177195925753521,52.65080419314789
0.8012086886265566,-0.4677887214337081,0.3929576959433901,-0.3161226016521723,21.897478035723335
0.5962593083299542,0.45034082435593326,-0.21472689034497086,0.4851496276042726,-9.32554771859735
-1.382896461640755,0.46065384290829614,-1.1562095679173128,0.8225573513528938,-102.34298793407709
-0.6029427045757102,-0.3873608523801245,-1.7778192492752702,1.4167786412106227,-149.07427141916432
0.19818671109953695,-0.5487666532304323,0.6651812714261697,-0.30177655603283515,69.14150318912036
0.35390816843962425,0.6351676545172072,-0.17208620739209085,-1.5596231256612998,-23.75728444023182
-1.7821363018819874,1.196477092984069,0.6747118027319519,-1.2193736133308584,48.630759575854
-0.049778139499918925,-0.611587958830603,1.9409293848775977,0.13702654583066784,168.07474561094503
0.056161535422078794,0.3279311752238964,0.8767454550632556,-0.8593155188744626,92.88978301082231
-1.2369090116255612,2.844179378158328,-0.4626651065862212,-0.37960964678778536,-48.66236073409548
-1.6443643743165186,1.325989319662293,-0.1985410358791249,0.11635797121858947,-8.71583626597566
0.048407991936276214,0.744793901255955,0.33099599582614764,-0.668079832465499,28.089503590388485
0.27544541802849926,0.12797786785657328,0.23009699059820704,-0.15731544837192804,29.26687204675767
-0.3339993495608859,-0.18286390537489455,-2.311378210043097,0.4611631653350279,-203.25398106007003
-0.1258863482673575,0.02991168488018446,-0.6408240227637504,-0.3304329963324656,-39.201425184885096
0.1602057844827905,-0.1885337630746561,2.962980632392243,0.020602227200729753,260.3871736051667
0.37798629657962207,-0.6633773225120493,-0.7804119623951334,-1.1106283308927059,-85.41125048298323

